177,3
177,2
177,1
177,0
176,3
176,2
176,1
176,0
175,3
175,2
175,1
175,0
174,3
174,2
174,1
174,0
173,3
173,2
173,1
173,0
172,3
172,2
172,1
172,0
0,310
0,305
0,308
0,307
0,302
0,304
0,303
0,12
0,559
0,10
0,8
0,0
0,505
0,393
0,300
0,504
0,392
0,299
0,476
0,391
0,298
0,549
0,503
0,297
0,502
0,433
0,296
0,548
0,475
0,295
0,501
0,390
0,294
0,561
0,432
0,293
0,474
0,431
0,292
0,547
0,500
0,291
0,558
0,389
0,290
0,473
0,388
0,289
0,546
0,472
0,288
0,471
0,387
0,287
0,470
0,386
0,286
0,469
0,385
0,285
0,468
0,430
0,284
0,569
0,545
0,283
0,467
0,384
0,282
0,499
0,466
0,281
0,498
0,465
0,280
0,566
0,464
0,279
0,568
0,497
0,278
0,496
0,383
0,277
0,463
0,382
0,276
0,462
0,381
0,275
0,461
0,380
0,274
0,557
0,495
0,273
0,544
0,460
0,272
0,543
0,459
0,271
0,542
0,458
0,270
0,493
0,429
0,269
0,492
0,457
0,268
0,491
0,379
0,267
0,535
0,378
0,266
0,490
0,377
0,265
0,489
0,428
0,264
0,488
0,376
0,263
0,554
0,427
0,262
0,541
0,375
0,261
0,540
0,374
0,260
0,539
0,373
0,259
0,538
0,372
0,258
0,534
0,371
0,257
0,533
0,370
0,256
0,532
0,369
0,255
0,531
0,368
0,254
0,553
0,455
0,253
0,530
0,456
0,252
0,529
0,426
0,251
0,528
0,453
0,250
0,565
0,454
0,249
0,556
0,452
0,248
0,564
0,367
0,247
0,513
0,366
0,246
0,450
0,365
0,245
0,449
0,364
0,244
0,451
0,363
0,242
0,527
0,425
0,241
0,448
0,362
0,240
0,526
0,361
0,239
0,567
0,570
2,4
2,5
2,7
2,8
3,1
3,3
24,1
24,3
25,0
25,2
25,3
26,0
26,2
26,3
27,1
27,2
27,4
27,5
28,1
28,3
29,0
29,2
29,3
30,1
30,3
30,4
31,1
31,2
32,0
32,2
32,3
33,0
33,1
33,3
69,0
69,2
70,0
70,1
70,3
71,0
71,2
97,0
97,1
97,3
98,0
98,2
98,3
99,0
99,2
99,3
99,5
100,0
100,2
100,4
100,5
101,0
101,1
101,3
102,0
102,2
103,0
103,1
103,3
103,4
104,1
104,3
105,0
105,2
105,3
106,1
106,3
107,0
107,2
107,3
108,1
108,2
109,0
109,2
109,3
110,1
110,2
111,0
111,2
111,3
112,1
112,2
113,0
113,1
113,3
114,1
114,2
115,0
115,1
115,3
118,1
118,2
118,4
118,5
121,1
121,2
121,4
122,0
122,1
122,3
123,0
123,2
123,4
124,0
124,2
124,3
124,5
125,0
125,2
125,4
125,5
126,0
126,1
126,3
127,1
127,2
128,0
128,1
128,3
129,0
129,1
129,3
130,0
130,2
130,3
131,1
131,3
132,0
132,2
132,3
133,1
133,3
134,0
134,2
134,3
135,1
135,2
136,0
136,2
136,3
137,1
137,2
138,0
138,2
138,3
139,1
139,2
140,0
140,1
140,3
143,1
143,2
143,4
143,5
146,1
146,3
146,4
147,0
147,1
147,3
148,1
148,2
148,4
149,0
149,2
149,3
149,5
150,1
150,2
150,4
150,5
151,0
151,2
151,3
152,1
152,2
153,0
153,1
153,3
154,0
154,1
154,3
155,0
155,2
156,0
156,1
156,3
157,0
157,2
157,3
158,1
158,3
159,0
159,2
159,3
160,1
160,3
161,0
161,2
161,3
162,1
162,2
163,0
163,2
163,3
164,1
164,2
165,0
165,2
165,3
168,1
168,2
168,4
171,0
171,1
171,3
171,4
171,5
171,2
168,5
168,3
168,0
165,1
164,3
164,0
163,1
162,3
162,0
161,1
160,2
160,0
159,1
158,2
158,0
157,1
156,2
155,3
155,1
154,2
153,4
153,2
152,3
152,0
151,1
150,6
150,3
150,0
149,4
149,1
148,3
148,0
147,2
146,5
146,2
146,0
143,3
143,0
140,2
139,3
139,0
138,1
137,3
137,0
136,1
135,3
135,0
134,1
133,2
133,0
132,1
131,2
131,0
130,1
129,2
128,4
128,2
127,3
127,0
126,2
125,6
125,3
125,1
124,4
124,1
123,3
123,1
122,2
121,5
121,3
121,0
118,3
118,0
115,2
114,3
114,0
113,2
112,3
112,0
111,1
110,3
110,0
109,1
108,3
108,0
107,1
106,2
106,0
105,1
104,2
104,0
103,2
102,3
102,1
101,2
100,6
100,3
100,1
99,4
99,1
98,4
98,1
97,2
71,3
71,1
70,2
69,3
69,1
33,2
32,4
32,1
31,3
31,0
30,2
30,0
29,1
28,2
28,0
27,3
27,0
26,1
25,4
25,1
24,2
24,0
3,0
2,6
2,2
1,1
1,3
0,560
1,0
0,494
2,1
0,408
2,9
0,322
2,3
0,243
2,0
0,9
0,525
0,360
0,238
0,424
0,359
0,237
0,524
0,447
0,236
0,487
0,446
0,235
0,423
0,358
0,234
0,422
0,357
0,233
0,421
0,356
0,232
0,537
0,420
0,231
0,536
0,523
0,230
0,522
0,355
0,229
0,445
0,354
0,228
0,419
0,353
0,227
0,521
0,418
0,226
0,486
0,352
0,225
0,520
0,351
0,224
0,519
0,350
0,223
0,552
0,349
0,222
0,518
0,444
0,221
0,517
0,417
0,220
0,416
0,348
0,219
0,485
0,347
0,218
0,415
0,346
0,217
0,555
0,345
0,216
0,563
0,344
0,215
0,516
0,343
0,214
0,443
0,342
0,213
0,414
0,341
0,212
0,442
0,340
0,211
0,441
0,339
0,210
0,413
0,338
0,209
0,412
0,337
0,208
0,411
0,336
0,207
0,515
0,410
0,206
0,409
0,335
0,205
0,512
0,334
0,204
0,511
0,333
0,203
0,407
0,332
0,202
0,510
0,406
0,201
0,509
0,405
0,200
0,404
0,331
0,199
0,484
0,330
0,198
0,483
0,329
0,197
0,403
0,328
0,196
0,482
0,402
0,195
0,481
0,401
0,194
0,551
0,327
0,193
0,550
0,326
0,192
0,400
0,325
0,63
0,399
0,324
0,62
0,398
0,323
0,61
0,397
0,321
0,60
0,514
0,508
0,59
0,396
0,320
0,58
0,480
0,319
0,57
0,479
0,318
0,56
0,440
0,317
0,55
0,507
0,478
0,54
0,477
0,439
0,53
0,438
0,316
0,52
0,562
0,315
0,51
0,437
0,314
0,50
0,395
0,313
0,49
0,436
0,312
0,48
0,506
0,311
0,47
0,394
0,309
0,46
0,435
0,306
0,45
0,434
0,301
0,6
0,5
0,1
0,11
0,4
0,2
0,3
0,7
