11,1
11,0
10,4
10,3
10,2
10,1
27,1
10,0
27,3
9,3
9,2
27,0
9,1
12,6
9,0
12,5
3,3
12,4
3,1
12,1
3,0
2,5
12,3
2,4
12,0
2,2
1,3
1,1
1,0
0,494
0,408
2,1
2,3
0,322
0,243
2,0
0,9
0,310
0,305
0,308
0,307
0,302
0,304
0,303
0,12
0,10
0,8
0,0
0,436
0,300
0,435
0,299
0,434
0,298
0,433
0,297
0,432
0,296
0,431
0,295
0,430
0,294
0,429
0,293
0,428
0,292
0,427
0,291
0,426
0,290
0,425
0,289
0,501
0,424
0,288
0,500
0,423
0,287
0,499
0,422
0,286
0,498
0,421
0,285
0,497
0,420
0,284
0,496
0,419
0,283
0,495
0,418
0,282
0,417
0,281
0,416
0,280
0,415
0,279
0,493
0,414
0,278
0,413
0,277
0,412
0,276
0,411
0,275
0,410
0,274
0,409
0,273
0,407
0,272
0,406
0,271
0,405
0,270
0,404
0,269
0,403
0,268
0,402
0,267
0,492
0,401
0,266
0,491
0,400
0,265
0,490
0,399
0,264
0,489
0,398
0,263
0,397
0,262
0,396
0,261
0,395
0,260
0,394
0,259
0,393
0,258
0,392
0,257
0,391
0,256
0,390
0,255
0,389
0,254
0,388
0,253
0,387
0,252
0,386
0,251
0,385
0,250
0,478
0,249
0,476
0,384
0,248
0,477
0,383
0,247
0,488
0,382
0,246
11,2
11,3
11,5
12,2
13,1
13,2
14,0
14,2
14,3
15,1
15,2
15,4
16,1
16,2
17,0
17,1
17,3
18,0
18,2
19,0
19,1
19,3
20,0
20,2
21,0
21,1
21,3
22,0
22,2
22,3
23,1
23,3
24,0
24,2
24,3
25,1
25,3
26,0
26,2
26,3
30,0
30,1
30,3
30,5
33,0
33,2
33,3
33,5
33,4
33,1
30,4
30,2
27,2
26,1
25,2
25,0
24,1
23,2
23,0
22,1
21,2
20,3
20,1
19,2
18,3
18,1
17,2
16,3
16,0
15,3
15,0
14,1
13,3
13,0
11,4
0,381
0,245
0,475
0,244
0,487
0,242
0,380
0,241
0,379
0,240
0,474
0,378
0,239
0,473
0,377
0,238
0,376
0,237
0,375
0,236
0,472
0,374
0,235
0,471
0,373
0,234
0,372
0,233
0,469
0,371
0,232
0,468
0,370
0,231
0,470
0,369
0,230
0,467
0,466
0,229
0,465
0,368
0,228
0,464
0,367
0,227
0,463
0,366
0,226
0,462
0,365
0,225
0,461
0,350
0,224
0,486
0,349
0,223
0,348
0,222
0,460
0,364
0,221
0,363
0,347
0,220
0,362
0,346
0,219
0,485
0,345
0,218
0,458
0,344
0,217
0,459
0,361
0,216
0,457
0,360
0,215
0,359
0,343
0,214
0,358
0,342
0,213
0,456
0,341
0,212
0,455
0,340
0,211
0,454
0,357
0,210
0,356
0,209
0,339
0,208
0,355
0,338
0,207
0,354
0,337
0,206
0,508
0,336
0,205
0,507
0,453
0,204
0,506
0,335
0,203
0,452
0,334
0,202
0,451
0,333
0,201
0,449
0,332
0,200
0,484
0,448
0,199
0,483
0,450
0,198
0,447
0,331
0,197
0,353
0,330
0,196
0,352
0,329
0,195
0,351
0,328
0,194
0,446
0,327
0,193
0,445
0,326
0,192
0,325
0,63
0,505
0,324
0,62
0,504
0,323
0,61
0,503
0,321
0,60
0,502
0,482
0,59
0,444
0,320
0,58
0,481
0,319
0,57
0,480
0,318
0,56
0,443
0,317
0,55
0,479
0,442
0,54
0,441
0,440
0,53
0,439
0,316
0,52
0,438
0,315
0,51
0,437
0,314
0,50
0,313
0,49
0,312
0,48
0,311
0,47
0,309
0,46
0,306
0,45
0,301
0,6
0,5
0,1
0,11
0,4
0,2
0,3
0,7
