0,310
0,305
0,308
0,307
0,302
0,304
0,303
0,12
0,559
0,10
0,8
0,0
0,505
0,393
0,300
0,504
0,392
0,299
0,476
0,391
0,298
0,549
0,503
0,297
0,502
0,433
0,296
0,548
0,475
0,295
0,501
0,390
0,294
0,561
0,432
0,293
0,474
0,431
0,292
0,547
0,500
0,291
0,558
0,389
0,290
0,473
0,388
0,289
0,546
0,472
0,288
0,471
0,387
0,287
0,470
0,386
0,286
0,469
0,385
0,285
0,468
0,430
0,284
0,569
0,545
0,283
0,467
0,384
0,282
0,499
0,466
0,281
0,498
0,465
0,280
0,566
0,464
0,279
0,568
0,497
0,278
0,496
0,383
0,277
0,463
0,382
0,276
0,462
0,381
0,275
0,461
0,380
0,274
0,557
0,495
0,273
0,544
0,460
0,272
0,543
0,459
0,271
0,542
0,458
0,270
0,493
0,429
0,269
0,492
0,457
0,268
0,491
0,379
0,267
0,535
0,378
0,266
0,490
0,377
0,265
0,489
0,428
0,264
0,488
0,376
0,263
0,554
0,427
0,262
0,541
0,375
0,261
0,540
0,374
0,260
0,539
0,373
0,259
0,538
0,372
0,258
0,534
0,371
0,257
0,533
0,370
0,256
0,532
0,369
0,255
0,531
0,368
0,254
0,553
0,455
0,253
0,530
0,456
0,252
0,529
0,426
0,251
0,528
0,453
0,250
0,565
0,454
0,249
0,556
0,452
0,248
0,564
0,367
0,247
0,513
0,366
0,246
0,450
0,365
0,245
0,449
0,364
0,244
0,451
0,363
0,242
0,527
0,425
0,241
0,448
0,362
0,240
0,526
0,361
0,239
1,0
1,1
2,7
2,1
2,9
2,4
2,6
2,8
3,1
24,0
24,1
24,3
25,0
25,2
25,4
26,0
26,2
26,3
27,1
27,2
27,4
28,0
28,1
28,3
29,0
29,2
30,0
30,1
30,3
30,4
31,1
31,3
32,0
32,2
32,3
33,0
33,1
33,3
97,1
97,2
98,0
98,1
98,3
99,0
99,1
99,3
99,4
100,0
100,1
100,3
100,5
100,6
101,1
101,2
102,0
102,2
102,3
103,1
103,2
103,4
104,0
104,2
105,0
105,1
105,3
106,0
106,2
107,0
107,1
107,3
108,0
108,2
109,0
109,1
109,3
110,0
110,2
110,3
111,1
111,3
112,0
112,2
112,3
113,1
113,3
114,0
114,2
114,3
115,1
115,2
118,0
118,2
118,3
118,5
121,0
121,2
121,4
121,5
122,1
122,2
123,0
123,1
123,3
124,0
124,1
124,3
124,4
125,0
125,2
125,3
125,5
125,6
126,1
126,2
127,0
127,2
127,3
128,1
128,2
128,4
129,1
129,2
130,0
130,1
130,3
131,1
131,2
132,0
132,1
132,3
133,0
133,2
134,0
134,1
134,3
135,0
135,2
136,0
136,1
136,3
137,0
137,2
137,3
138,1
138,3
139,0
139,2
139,3
140,1
140,3
143,0
143,2
143,3
143,5
146,0
146,2
146,4
146,5
147,1
147,2
148,0
148,2
148,3
149,0
149,1
149,3
149,5
150,0
150,2
150,3
150,5
150,6
151,1
151,3
152,0
152,2
152,3
153,1
153,3
153,4
154,1
154,2
155,0
155,1
155,3
156,1
156,2
157,0
157,1
157,3
158,1
158,2
159,0
159,1
159,3
160,0
160,2
161,0
161,1
161,3
162,0
162,2
163,0
163,1
163,3
164,0
164,2
164,3
165,1
165,3
168,0
168,2
168,3
168,5
171,1
171,2
171,4
171,5
171,3
171,0
168,4
168,1
165,2
165,0
164,1
163,2
162,3
162,1
161,2
160,3
160,1
159,2
158,3
158,0
157,2
156,3
156,0
155,2
154,3
154,0
153,2
153,0
152,1
151,2
151,0
150,4
150,1
149,4
149,2
148,4
148,1
147,3
147,0
146,3
146,1
143,4
143,1
140,2
140,0
139,1
138,2
138,0
137,1
136,2
135,3
135,1
134,2
133,3
133,1
132,2
131,3
131,0
130,2
129,3
129,0
128,3
128,0
127,1
126,3
126,0
125,4
125,1
124,5
124,2
123,4
123,2
122,3
122,0
121,3
121,1
118,4
118,1
115,3
115,0
114,1
113,2
113,0
112,1
111,2
111,0
110,1
109,2
108,3
108,1
107,2
106,3
106,1
105,2
104,3
104,1
103,3
103,0
102,1
101,3
101,0
100,4
100,2
99,5
99,2
98,4
98,2
97,3
97,0
33,2
32,4
32,1
31,2
31,0
30,2
29,3
29,1
28,2
27,5
27,3
27,0
26,1
25,3
25,1
24,2
3,3
3,0
2,5
2,2
1,3
2,3
2,0
0,567
183,1
0,560
183,3
0,494
0,408
0,570
0,322
0,243
183,0
0,9
0,525
0,360
0,238
0,424
0,359
0,237
0,524
0,447
0,236
0,487
0,446
0,235
0,423
0,358
0,234
0,422
0,357
0,233
0,421
0,356
0,232
0,537
0,420
0,231
0,536
0,523
0,230
0,522
0,355
0,229
0,445
0,354
0,228
0,419
0,353
0,227
0,521
0,418
0,226
0,486
0,352
0,225
0,520
0,351
0,224
0,519
0,350
0,223
0,552
0,349
0,222
0,518
0,444
0,221
0,517
0,417
0,220
0,416
0,348
0,219
0,485
0,347
0,218
0,415
0,346
0,217
0,555
0,345
0,216
0,563
0,344
0,215
0,516
0,343
0,214
0,443
0,342
0,213
0,414
0,341
0,212
0,442
0,340
0,211
0,441
0,339
0,210
0,413
0,338
0,209
0,412
0,337
0,208
0,411
0,336
0,207
0,515
0,410
0,206
0,409
0,335
0,205
0,512
0,334
0,204
0,511
0,333
0,203
0,407
0,332
0,202
0,510
0,406
0,201
0,509
0,405
0,200
0,404
0,331
0,199
0,484
0,330
0,198
0,483
0,329
0,197
0,403
0,328
0,196
0,482
0,402
0,195
0,481
0,401
0,194
0,551
0,327
0,193
0,550
0,326
0,192
0,400
0,325
0,63
0,399
0,324
0,62
0,398
0,323
0,61
0,397
0,321
0,60
0,514
0,508
0,59
0,396
0,320
0,58
0,480
0,319
0,57
0,479
0,318
0,56
0,440
0,317
0,55
0,507
0,478
0,54
0,477
0,439
0,53
0,438
0,316
0,52
0,562
0,315
0,51
0,437
0,314
0,50
0,395
0,313
0,49
0,436
0,312
0,48
0,506
0,311
0,47
0,394
0,309
0,46
0,435
0,306
0,45
0,434
0,301
0,6
0,5
0,1
0,11
0,4
0,2
0,3
0,7
