370,3
370,2
370,1
370,0
369,3
369,2
369,1
369,0
368,3
368,2
368,1
368,0
367,4
367,3
367,2
367,1
367,0
366,3
366,2
366,1
366,0
365,3
365,2
365,1
365,0
364,3
364,2
364,1
364,0
363,3
363,2
363,1
363,0
362,3
362,2
362,1
362,0
361,4
361,3
361,2
361,1
361,0
360,3
360,2
360,1
360,0
359,3
359,2
359,1
359,0
358,3
358,2
358,1
358,0
357,3
357,2
357,1
357,0
356,3
356,2
356,1
356,0
355,4
355,3
355,2
355,1
355,0
354,3
354,2
354,1
354,0
353,3
353,2
353,1
353,0
352,3
352,2
352,1
352,0
351,3
351,2
351,1
351,0
350,3
350,2
350,1
350,0
349,4
349,3
349,2
349,1
349,0
348,3
348,2
348,1
348,0
347,3
347,2
347,1
347,0
346,3
346,2
346,1
346,0
345,3
345,2
345,1
345,0
344,3
344,2
344,1
344,0
343,4
343,3
343,2
343,1
343,0
342,3
342,2
342,1
342,0
341,3
341,2
341,1
341,0
340,3
340,2
340,1
340,0
339,3
339,2
339,1
339,0
338,3
338,2
338,1
338,0
337,4
337,3
337,2
337,1
337,0
336,3
336,2
336,1
336,0
335,3
335,2
335,1
335,0
334,3
334,2
334,1
334,0
333,3
333,2
333,1
333,0
332,3
332,2
332,1
332,0
331,4
331,3
331,2
331,1
331,0
330,3
330,2
330,1
330,0
329,3
329,2
329,1
329,0
328,3
328,2
328,1
328,0
327,3
327,2
327,1
327,0
326,3
326,2
326,1
326,0
325,4
325,3
325,2
325,1
325,0
324,3
324,2
324,1
324,0
323,3
323,2
323,1
323,0
322,3
322,2
322,1
322,0
321,3
321,2
321,1
321,0
320,3
320,2
320,1
320,0
319,4
319,3
319,2
319,1
319,0
318,3
318,2
318,1
318,0
317,3
317,2
317,1
317,0
316,3
316,2
316,1
316,0
315,3
315,2
315,1
315,0
314,3
314,2
314,1
314,0
313,4
313,3
313,2
313,1
313,0
312,3
312,2
312,1
312,0
311,3
311,2
311,1
311,0
310,3
310,2
310,1
310,0
309,3
309,2
309,1
309,0
308,3
308,2
308,1
308,0
307,4
307,3
307,2
307,1
307,0
306,3
306,2
306,1
306,0
305,3
305,2
305,1
305,0
304,3
304,2
304,1
304,0
303,3
303,2
303,1
303,0
302,3
302,2
302,1
302,0
301,4
301,3
301,2
301,1
301,0
300,3
300,2
300,1
300,0
299,3
299,2
299,1
299,0
298,3
298,2
298,1
298,0
297,3
297,2
297,1
297,0
296,3
296,2
296,1
296,0
295,4
295,3
295,2
295,1
295,0
294,3
294,2
294,1
294,0
293,3
293,2
293,1
293,0
292,3
292,2
292,1
292,0
291,3
291,2
291,1
291,0
290,3
290,2
290,1
290,0
289,4
289,3
289,2
289,1
289,0
288,3
288,2
288,1
288,0
287,3
287,2
287,1
287,0
286,3
286,2
286,1
286,0
285,3
285,2
285,1
285,0
284,3
284,2
284,1
284,0
283,4
283,3
283,2
283,1
283,0
282,3
282,2
282,1
282,0
281,3
281,2
281,1
281,0
280,3
280,2
280,1
280,0
279,3
279,2
279,1
279,0
278,3
278,2
278,1
278,0
277,4
277,3
277,2
277,1
277,0
276,3
276,2
276,1
276,0
275,3
275,2
275,1
275,0
274,3
274,2
274,1
274,0
273,3
273,2
273,1
273,0
272,3
272,2
272,1
272,0
271,4
271,3
271,2
271,1
271,0
270,3
270,2
270,1
270,0
269,3
269,2
269,1
269,0
268,3
268,2
268,1
268,0
267,3
267,2
267,1
267,0
266,3
266,2
266,1
266,0
265,4
265,3
265,2
265,1
265,0
264,3
264,2
264,1
264,0
263,3
263,2
263,1
263,0
262,3
262,2
262,1
262,0
261,3
261,2
261,1
261,0
260,3
260,2
260,1
260,0
259,4
259,3
259,2
259,1
259,0
258,3
258,2
258,1
258,0
257,3
257,2
257,1
257,0
256,3
256,2
256,1
256,0
255,3
255,2
255,1
255,0
254,3
254,2
254,1
254,0
253,4
253,3
253,2
253,1
253,0
252,3
252,2
252,1
252,0
251,3
251,2
251,1
251,0
250,3
250,2
250,1
250,0
249,4
249,3
249,2
249,1
249,0
248,3
248,2
248,1
248,0
247,3
247,2
247,1
247,0
246,4
246,3
246,2
246,1
246,0
245,3
245,2
245,1
245,0
244,3
244,2
244,1
244,0
243,4
243,3
243,2
243,1
243,0
242,3
242,2
242,1
242,0
241,3
241,2
241,1
241,0
240,4
240,3
240,2
240,1
240,0
239,3
239,2
239,1
239,0
238,3
238,2
238,1
238,0
237,3
237,2
237,1
237,0
236,3
236,2
236,1
236,0
235,4
235,3
235,2
235,1
235,0
234,3
234,2
234,1
234,0
233,3
233,2
233,1
233,0
232,3
232,2
232,1
232,0
231,3
231,2
231,1
231,0
230,4
230,3
230,2
230,1
230,0
229,3
229,2
229,1
229,0
228,3
228,2
228,1
228,0
227,3
227,2
227,1
227,0
226,3
226,2
226,1
226,0
225,4
225,3
225,2
225,1
225,0
224,3
224,2
224,1
224,0
223,3
223,2
223,1
223,0
222,3
222,2
222,1
222,0
221,3
221,2
221,1
221,0
220,4
220,3
220,2
220,1
220,0
219,3
219,2
219,1
219,0
218,3
218,2
218,1
218,0
217,3
217,2
217,1
217,0
216,3
216,2
216,1
216,0
215,4
215,3
215,2
215,1
215,0
214,3
214,2
214,1
214,0
213,3
213,2
213,1
213,0
212,3
212,2
212,1
212,0
211,3
211,2
211,1
211,0
210,4
210,3
210,2
210,1
210,0
209,3
209,2
209,1
209,0
208,3
208,2
208,1
208,0
207,3
207,2
207,1
207,0
206,3
206,2
206,1
206,0
205,4
205,3
205,2
205,1
205,0
204,3
204,2
204,1
204,0
203,3
203,2
203,1
203,0
202,3
202,2
202,1
202,0
201,3
201,2
201,1
201,0
200,4
200,3
200,2
200,1
200,0
199,3
199,2
199,1
199,0
198,3
198,2
198,1
198,0
197,3
197,2
197,1
197,0
196,3
196,2
196,1
196,0
195,3
195,2
195,1
195,0
194,3
194,2
194,1
194,0
193,3
193,2
193,1
193,0
192,3
192,2
192,1
192,0
191,3
191,2
191,1
191,0
190,3
190,2
190,1
190,0
189,3
189,2
189,1
189,0
188,3
188,2
188,1
188,0
187,3
187,2
187,1
187,0
186,3
186,2
186,1
186,0
185,3
185,2
185,1
185,0
184,3
184,2
184,1
184,0
0,310
0,305
0,308
0,307
0,302
0,304
0,303
0,12
0,559
0,10
0,8
0,0
0,505
0,393
0,300
0,504
0,392
0,299
0,476
0,391
0,298
0,549
0,503
0,297
0,502
0,433
0,296
0,548
0,475
0,295
0,501
0,390
0,294
0,561
0,432
0,293
0,474
0,431
0,292
0,547
0,500
0,291
0,558
0,389
0,290
0,473
0,388
0,289
0,546
0,472
0,288
0,471
0,387
0,287
0,470
0,386
0,286
0,469
0,385
0,285
0,468
0,430
0,284
0,569
0,545
0,283
0,467
0,384
0,282
0,499
0,466
0,281
0,498
0,465
0,280
0,566
0,464
0,279
0,568
0,497
0,278
0,496
0,383
0,277
0,463
0,382
0,276
0,462
0,381
0,275
0,461
0,380
0,274
0,557
0,495
0,273
0,544
0,460
0,272
0,543
0,459
0,271
0,542
0,458
0,270
0,493
0,429
0,269
0,492
0,457
0,268
0,491
0,379
0,267
0,535
0,378
0,266
0,490
0,377
0,265
0,489
0,428
0,264
0,488
0,376
0,263
0,554
0,427
0,262
0,541
0,375
0,261
0,540
0,374
0,260
0,539
0,373
0,259
0,538
0,372
0,258
0,534
0,371
0,257
0,533
0,370
0,256
0,532
0,369
0,255
0,531
0,368
0,254
0,553
0,455
0,253
0,530
0,456
0,252
0,529
0,426
0,251
0,528
0,453
0,250
0,565
0,454
0,249
0,556
0,452
0,248
0,564
0,367
0,247
0,513
0,366
0,246
0,450
0,365
0,245
0,449
0,364
0,244
0,451
0,363
0,242
0,527
0,425
0,241
0,448
0,362
0,240
0,526
0,361
0,239
0,567
1,0
1,1
1,3
2,9
2,4
2,6
2,8
3,1
24,0
24,1
24,3
25,0
25,2
25,4
26,0
26,2
26,3
27,1
27,2
27,4
28,0
28,1
28,3
29,0
29,2
30,0
30,1
30,3
30,4
31,1
31,3
32,0
32,2
32,3
33,0
33,1
33,3
97,1
97,2
98,0
98,1
98,3
99,0
99,1
99,3
99,4
100,0
100,1
100,3
100,5
100,6
101,1
101,2
102,0
102,2
102,3
103,1
103,2
103,4
104,0
104,2
105,0
105,1
105,3
106,0
106,2
107,0
107,1
107,3
108,0
108,2
109,0
109,1
109,3
110,0
110,2
110,3
111,1
111,3
112,0
112,2
112,3
113,1
113,3
114,0
114,2
114,3
115,1
115,2
118,0
118,2
118,3
118,5
121,0
121,2
121,4
121,5
122,1
122,2
123,0
123,1
123,3
124,0
124,1
124,3
124,4
125,0
125,2
125,3
125,5
125,6
126,1
126,2
127,0
127,2
127,3
128,1
128,2
128,4
129,1
129,2
130,0
130,1
130,3
131,1
131,2
132,0
132,1
132,3
133,0
133,2
134,0
134,1
134,3
135,0
135,2
136,0
136,1
136,3
137,0
137,2
137,3
138,1
138,3
139,0
139,2
139,3
140,1
140,3
143,0
143,2
143,3
143,5
146,0
146,2
146,4
146,5
147,1
147,2
148,0
148,2
148,3
149,0
149,1
149,3
149,5
150,0
150,2
150,3
150,5
150,6
151,1
151,3
152,0
152,2
152,3
153,1
153,3
153,4
154,1
154,2
155,0
155,1
155,3
156,1
156,2
157,0
157,1
157,3
158,1
158,2
159,0
159,1
159,3
160,0
160,2
161,0
161,1
161,3
162,0
162,2
163,0
163,1
163,3
164,0
164,2
164,3
165,1
165,3
168,0
168,2
168,3
168,5
171,1
171,2
171,4
171,5
181,3
182,0
182,3
182,1
181,1
181,0
171,3
171,0
168,4
168,1
165,2
165,0
164,1
163,2
162,3
162,1
161,2
160,3
160,1
159,2
158,3
158,0
157,2
156,3
156,0
155,2
154,3
154,0
153,2
153,0
152,1
151,2
151,0
150,4
150,1
149,4
149,2
148,4
148,1
147,3
147,0
146,3
146,1
143,4
143,1
140,2
140,0
139,1
138,2
138,0
137,1
136,2
135,3
135,1
134,2
133,3
133,1
132,2
131,3
131,0
130,2
129,3
129,0
128,3
128,0
127,1
126,3
126,0
125,4
125,1
124,5
124,2
123,4
123,2
122,3
122,0
121,3
121,1
118,4
118,1
115,3
115,0
114,1
113,2
113,0
112,1
111,2
111,0
110,1
109,2
108,3
108,1
107,2
106,3
106,1
105,2
104,3
104,1
103,3
103,0
102,1
101,3
101,0
100,4
100,2
99,5
99,2
98,4
98,2
97,3
97,0
33,2
32,4
32,1
31,2
31,0
30,2
29,3
29,1
28,2
27,5
27,3
27,0
26,1
25,3
25,1
24,2
3,3
3,0
2,5
2,2
183,1
183,3
0,560
0,570
0,494
183,0
2,1
2,7
0,408
2,3
0,322
0,243
2,0
0,9
0,525
0,360
0,238
0,424
0,359
0,237
0,524
0,447
0,236
0,487
0,446
0,235
0,423
0,358
0,234
0,422
0,357
0,233
0,421
0,356
0,232
0,537
0,420
0,231
0,536
0,523
0,230
0,522
0,355
0,229
0,445
0,354
0,228
0,419
0,353
0,227
0,521
0,418
0,226
0,486
0,352
0,225
0,520
0,351
0,224
0,519
0,350
0,223
0,552
0,349
0,222
0,518
0,444
0,221
0,517
0,417
0,220
0,416
0,348
0,219
0,485
0,347
0,218
0,415
0,346
0,217
0,555
0,345
0,216
0,563
0,344
0,215
0,516
0,343
0,214
0,443
0,342
0,213
0,414
0,341
0,212
0,442
0,340
0,211
0,441
0,339
0,210
0,413
0,338
0,209
0,412
0,337
0,208
0,411
0,336
0,207
0,515
0,410
0,206
0,409
0,335
0,205
0,512
0,334
0,204
0,511
0,333
0,203
0,407
0,332
0,202
0,510
0,406
0,201
0,509
0,405
0,200
0,404
0,331
0,199
0,484
0,330
0,198
0,483
0,329
0,197
0,403
0,328
0,196
0,482
0,402
0,195
0,481
0,401
0,194
0,551
0,327
0,193
0,550
0,326
0,192
0,400
0,325
0,63
0,399
0,324
0,62
0,398
0,323
0,61
0,397
0,321
0,60
0,514
0,508
0,59
0,396
0,320
0,58
0,480
0,319
0,57
0,479
0,318
0,56
0,440
0,317
0,55
0,507
0,478
0,54
0,477
0,439
0,53
0,438
0,316
0,52
0,562
0,315
0,51
0,437
0,314
0,50
0,395
0,313
0,49
0,436
0,312
0,48
0,506
0,311
0,47
0,394
0,309
0,46
0,435
0,306
0,45
0,434
0,301
0,6
0,5
0,1
0,11
0,4
0,2
0,3
0,7
